76561198023414915
76561197984432884
76561198048165534
76561198294650349
76561197986603983
76561198409565259
76561197968423451
76561198046160451
76561198039386132
76561198264035001
76561198176366622
76561198071621154
76561198023416824
76561198103602015
76561198145710359
76561198003030375
76561198098168017
76561198339417346
76561198262236331
76561198368894435
76561198066084037
76561197999473427
76561198038537892
76561198389241377
76561198023455525
76561198000472919
76561198096354242
76561198048432253
76561198062673538
76561198003163863
76561198089412043
76561198025653291
76561198120686366
76561198158965172
76561198306626714
76561198108828539
76561198010500057
76561198086816787
76561198258806710
76561198208716648
76561198099809175
76561198089067428
76561198082425835
76561198070489970
76561198203499448
76561197970331648
76561198835780877
76561198086062937
76561197982003783
76561197995632612
76561197989256139
76561198004332929
76561198017054389
76561198111069943
76561198417108689
76561197988449433
76561198081507037
76561198072756397
76561198453628524
76561198339731485
76561198052325653
76561198136077175
76561198307810394
76561198074970348
76561198005391521
76561198404680393
76561198036267633
76561197983336651
76561197970821821
76561198052042962
76561198014020282
76561198305907044
76561197964249170
76561197971168805
76561197996764410
76561198051740093
76561198212710908
76561198843540837
76561198157198557
76561198075423731
76561198260880899
76561198275062480
76561198044770902
76561198156930618
76561197986413318
76561198004655353
76561198056603660
76561198129332925
76561197960406673
76561197998145600
76561198069195441
76561198077213101
76561198009100803
76561198308752805
76561198061528780
76561198059701300
76561198218943151
76561197965588718
76561198137312426
76561197985007043
76561197960316241
76561198214871324
76561198023039980
76561198064549365
76561198031922253
76561197972993972
76561197998241068
76561197960555384
76561198187245354
76561198139084236
76561198219203271
76561198036185559
76561197971026489
76561198047334829
76561198268876361
76561198245472558
76561198060860408
76561197970371773
76561198150498794
76561198097130986
76561198126679929
76561198123563894
76561198088771605
76561198145656507
76561198033215090
76561198306987004
76561198256856681
76561198051449037
76561198140953252
76561198057845486
76561198048459940
76561198044062642
76561197962473290
76561198164729060
76561197998058239
76561198059896524
76561198317593324
76561198104153641
76561198049714266
76561198040673812
76561198033125137
76561197995735360
76561198277979994
76561198119013711
76561198029157221
76561197979667190
76561197999248028
76561198047888841
76561197970825215
76561197979056158
76561198050663409
76561198062901118
76561198025904146
76561198118562687
76561197971205947
76561198090323179
76561198357433675
76561198281170251
76561198077451212
76561198055645163
76561198258391256
76561197971204006
76561198232295984
76561197996892993
76561198307708414
76561198174131622
76561198130358882
76561198361294115
76561198169717681
76561198129635004
76561198053070206
76561198030116216
76561197999629462
76561198172895881
76561197960315617
76561198803770628
76561198007022842
76561197971784544
76561198405387937
76561198401908122
76561198283475816
76561198248225460
76561198207495888
76561198163177784
76561198104814371
76561198090736766
76561198049602550
76561198045715962
76561198043509438
76561198041296417
76561198007410158
76561197964546686
76561198015400016
76561198098942259
76561197991884109
76561198316439503
76561197965319961
76561198326510209
76561198241363850
76561198030609564
76561198126545924
76561198045692488
76561198007237941
76561198072833066
76561198151921867
76561198205242761
76561198281119972
76561198021354850
76561198138664253
76561198095212046
76561198057297973
76561197971565582
76561198045030690
76561198203911791
76561198169445087
76561198027584758
76561198006981147
76561197960441438
76561198217918544
76561198175784206
76561198167298192
76561198114342667
76561198099420968
76561198095251561
76561198061540345
76561198030653635
76561198028809744
76561198027734013
76561198005667066
76561198001262134
76561197984106065
76561198148627568
76561198081330507
76561198091737378
76561198044455132
76561198080141083
76561198075696944
76561198026581549
76561198002959399
76561198401402016
76561198096260905
76561198035299763
76561198024745887
76561198349639802
76561198256917957
76561198142103622
76561198046843529
76561198354182544
76561198082310525
76561198040314956
